100 900 9 934 9 996 9
1100 9925 9 9929 9 11141 10
2100 18921 9 18920 9 21457 10
3100 28002 9 27993 9 31870 10
4100 37150 9 37099 9 42462 10
5100 46389 9 46181 9 61254 12
6100 55210 9 55563 9 64626 10
7100 64102 9 65470 9 94358 13
8100 73140 9 73191 9 116824 14
9100 82627 9 82621 9 135077 14
10100 91502 9 91258 9 144901 14
11100 100660 9 100280 9 170674 15
12100 110233 9 110000 9 181094 14
13100 118386 9 118903 9 203804 15
14100 127986 9 128010 9 242818 17
15100 138075 9 136424 9 246145 16
16100 145861 9 167962 10 256998 15
17100 396149 23 175430 10 296195 17
18100 165429 9 164733 9 310815 17
19100 173009 9 173158 9 314033 16
20100 206751 10 183912 9 323501 16
21100 191602 9 191839 9 354033 16
22100 201147 9 226617 10 363093 16
23100 213106 9 212654 9 371518 16
24100 219170 9 219356 9 411502 17
25100 228195 9 234943 9 554382 22
26100 317212 12 259855 9 413246 15
27100 246248 9 249755 9 447683 16
28100 247366 8 255328 9 446817 15
29100 264248 9 265345 9 479572 16
30100 285307 9 273794 9 511913 17
31100 281842 9 271660 8 523025 16
32100 293403 9 294242 9 544296 16
33100 323519 9 302344 9 553367 16
34100 302708 8 309720 9 574841 16
35100 318697 9 323048 9 557357 15
36100 296994 8 311885 8 600283 16
37100 338793 9 338482 9 642447 17
38100 348250 9 352278 9 650628 17
39100 354443 9 340357 8 672032 17
40100 365211 9 354309 8 626466 15
41100 353959 8 336430 8 709457 17
42100 401949 9 382797 9 869341 20
43100 390675 9 428298 9 677355 15
44100 418485 9 401199 9 694742 15
45100 414774 9 415966 9 799566 17
46100 420145 9 413996 8 813317 17
47100 428404 9 438946 9 1031923 21
48100 522334 10 429900 8 873969 18
49100 452534 9 451587 9 794970 16
50100 408951 8 454752 9 677787 13
51100 474188 9 473477 9 763914 14
52100 484765 9 474427 9 779856 14
53100 433419 8 437672 8 849575 15
54100 494191 9 496890 9 944927 17
55100 485332 8 474433 8 956169 17
56100 496401 8 487295 8 759954 13
57100 511486 8 525134 9 994082 17
58100 496890 8 510745 8 763562 13
59100 495092 8 532084 9 870559 14
60100 548081 9 547585 9 1106518 18
61100 524450 8 545478 8 1145976 18
62100 570335 9 562320 9 822870 13
63100 561715 8 563406 8 1167162 18
64100 575116 8 584856 9 1235438 19
65100 585943 9 581663 8 1636223 25
66100 901211 13 645806 9 907647 13
67100 608320 9 613296 9 804008 11
68100 618578 9 617734 9 1281250 18
69100 592368 8 629193 9 808919 11
70100 634778 9 768346 10 1269267 18
71100 638387 8 648192 9 1094178 15
72100 685998 9 659268 9 979780 13
73100 672566 9 696711 9 1049287 14
74100 672104 9 688167 9 1095183 14
75100 678330 9 720882 9 1352147 18
76100 693840 9 693785 9 1473149 19
77100 701582 9 702613 9 1013155 13
78100 726448 9 733391 9 1558495 19
79100 778238 9 744820 9 1516166 19
80100 737107 9 765685 9 1569611 19
81100 759522 9 747642 9 1093082 13
82100 751914 9 738538 8 1044589 12
83100 702839 8 735676 8 1518570 18
84100 737511 8 738966 8 1349696 16
85100 785060 9 774858 9 1659071 19
86100 790858 9 769033 8 1632427 18
87100 803906 9 780540 8 1202005 13
88100 806923 9 807231 9 1707037 19
89100 812079 9 837959 9 1684629 18
90100 834943 9 741459 8 1794486 19
91100 822301 9 827031 9 1196910 13
92100 820435 8 755643 8 1313545 14
93100 879036 9 844991 9 1804407 19
94100 862460 9 855181 9 1215132 12
95100 873448 9 903092 9 1829795 19
96100 874746 9 799904 8 2017669 20
97100 1294158 13 892906 9 1898607 19
98100 893577 9 908424 9 1305197 13
99100 922969 9 920049 9 1937040 19
100100 923735 9 901903 9 1206696 12
101100 901560 8 913807 9 1218635 12
102100 927421 9 899530 8 1226258 12
103100 928396 9 943300 9 1248699 12
104100 949901 9 954359 9 1138927 10
105100 933682 8 922649 8 2347316 22
106100 976262 9 983329 9 1344853 12
107100 997133 9 974607 9 2283416 21
108100 997563 9 1038328 9 2071353 19
109100 961037 8 956311 8 1422318 13
110100 1003026 9 1006372 9 1404548 12
111100 1057051 9 1000322 9 1578341 14
112100 1010491 9 1180127 10 1426762 12
113100 1013094 8 1062832 9 1332597 11
114100 1185022 10 1070173 9 2362714 20
115100 1046450 9 1086656 9 1456208 12
116100 1057075 9 1070149 9 1451424 12
117100 1072598 9 1069090 9 2331592 19
118100 1283459 10 1065731 9 1489745 12
119100 1085109 9 1074166 9 2605457 21
120100 1100294 9 1183614 9 1527747 12
121100 1085592 8 1035629 8 1469335 12
122100 1045963 8 1054204 8 1551425 12
123100 1131090 9 1137818 9 2482256 20
124100 1133270 9 1130375 9 2526582 20
125100 1129965 9 1128461 9 2595660 20
126100 1168152 9 1169902 9 1513021 11
127100 1157761 9 1126756 8 2705925 21
128100 1233966 9 1188784 9 1530635 11
129100 1174443 9 1163953 9 2841882 22
130100 1274271 9 1267260 9 2618672 20
131100 1182495 9 1193620 9 2930767 22
132100 1201591 9 1333006 10 2480483 18
133100 1141085 8 1141229 8 1504929 11
134100 1298212 9 1264498 9 1612024 12
135100 1221092 9 1238148 9 2514140 18
136100 1187616 8 1160824 8 1700083 12
137100 1276410 9 1279881 9 2687980 19
138100 1206214 8 1239974 8 1515373 10
139100 1275499 9 1268813 9 1764918 12
140100 1289969 9 1272464 9 1738356 12
141100 1307006 9 1293978 9 2739028 19
142100 1294538 9 1275696 8 2804234 19
143100 1305467 9 1317039 9 2894359 20
144100 1312616 9 1286527 8 2921038 20
145100 1380471 9 1328118 9 1693305 11
146100 1337910 9 1307647 8 1625055 11
147100 1286464 8 1306164 8 1810403 12
148100 1348585 9 1324402 8 1617042 10
149100 1305757 8 1317209 8 2946047 19
150100 1345595 8 1395441 9 3698796 24
151100 1377585 9 1399927 9 3211485 21
152100 1298503 8 1343586 8 1821252 11
153100 1402255 9 1489998 9 3294550 21
154100 1542755 10 1402812 9 3802669 24
155100 1607304 10 1476330 9 1840773 11
156100 1419618 9 1413163 9 3026111 19
157100 1476567 9 1370550 8 1587771 10
158100 1787060 11 1844144 11 4122863 26
159100 1456946 9 1477311 9 2625693 16
160100 2183363 13 1487486 9 3155868 19
161100 1924827 11 1612587 10 3227139 20
162100 1479709 9 1455907 8 1800933 11
163100 1516156 9 1376501 8 1923161 11
164100 1495845 9 1496535 9 1750045 10
165100 1372928 8 1401511 8 1967148 11
166100 1671481 10 1520226 9 1950165 11
167100 1466394 8 1410348 8 3383110 20
168100 1596732 9 1573391 9 3379136 20
169100 1555432 9 1555717 9 3465489 20
170100 1618766 9 1542853 9 3353266 19
171100 1541919 9 1557664 9 1944682 11
172100 1561431 9 1575082 9 3285971 19
173100 1502400 8 1568712 9 3455412 19
174100 1592684 9 1589212 9 3609396 20
175100 1603950 9 1587484 9 3608580 20
176100 1687432 9 1659423 9 2018754 11
177100 1586217 8 1568522 8 2123282 11
178100 1624570 9 1622865 9 2172702 12
179100 1674879 9 1636919 9 3647074 20
180100 1650405 9 1644721 9 3960233 21
181100 1670623 9 1645120 9 3533741 19
182100 1557775 8 1578332 8 2232296 12
183100 1669393 9 1654682 9 3724483 20
184100 1670308 9 1691867 9 2265462 12
185100 1698782 9 1736699 9 3735634 20
186100 1672858 8 1595229 8 2146492 11
187100 1670548 8 1704175 9 2148615 11
188100 1730962 9 1718956 9 3715002 19
189100 1612147 8 1659808 8 3805719 20
190100 1720080 9 1732514 9 3921105 20
191100 1895609 9 1752898 9 3916529 20
192100 1754968 9 1711340 8 2121177 11
193100 3319342 17 1961070 10 3841564 19
194100 1790739 9 1760251 9 2305571 11
195100 1778678 9 1779736 9 4157351 21
196100 1779970 9 1778832 9 2284715 11
197100 1812754 9 1813941 9 2103269 10
198100 1797457 9 1822186 9 3938627 19
199100 1817920 9 1825802 9 4193440 21
200100 1817168 9 1824020 9 3968630 19
201100 1799508 8 1845731 9 2425429 12
202100 1837997 9 1855191 9 2233082 11
203100 1710194 8 1810007 8 2412331 11
204100 1995439 9 1853114 9 4112050 20
205100 1869923 9 1871631 9 2390300 11
206100 1811431 8 1807782 8 2299819 11
207100 1748471 8 1806832 8 2420129 11
208100 1916644 9 1930494 9 4124465 19
209100 1903335 9 1907874 9 2394786 11
210100 1893048 9 1908372 9 4040492 19
211100 1801592 8 1840131 8 2500965 11
212100 2203944 10 2182604 10 4283633 20
213100 1946330 9 1930583 9 4705415 22
214100 1926541 8 1952486 9 4323318 20
215100 1937923 9 1865374 8 2286036 10
216100 1969727 9 1991105 9 4277289 19
217100 1978906 9 1961120 9 4367302 20
218100 1957589 8 1873452 8 2399767 11
219100 2008440 9 1977256 9 2333003 10
220100 2007822 9 2029120 9 9029034 41
221100 2413924 10 2118918 9 2721587 12
222100 2375675 10 2515421 11 4165929 18
223100 2091075 9 2065252 9 2476615 11
224100 2043227 9 2089177 9 2549231 11
225100 2045385 9 2053492 9 4478534 19
226100 2063402 9 2031233 8 4413098 19
227100 2075698 9 2065590 9 4564983 20
228100 2110947 9 2106188 9 2438137 10
229100 2092514 9 2062517 9 2614089 11
230100 2082533 9 1965332 8 2394198 10
231100 2061117 8 2015789 8 4588361 19
232100 2114441 9 2117743 9 4375561 18
233100 1984484 8 2086793 8 4667786 20
234100 2089656 8 2140744 9 4479641 19
235100 2137266 9 2246393 9 4821399 20
236100 2096172 8 2076179 8 2542171 10
237100 2049516 8 2075027 8 4737135 19
238100 2090182 8 2118552 8 2649088 11
239100 2075558 8 2136530 8 2524260 10
240100 2145578 8 2010324 8 5002032 20
241100 2231415 9 2213052 9 5042467 20
242100 2260649 9 2207184 9 2653576 10
243100 2254265 9 2203142 9 2774055 11
244100 2350978 9 2220115 9 2557486 10
245100 2139859 8 2105401 8 4931416 20
246100 2222234 9 2249618 9 2743549 11
247100 2265967 9 2266544 9 2677652 10
248100 2260472 9 2242293 9 4999635 20
249100 2285789 9 2266171 9 2829376 11
250100 2152390 8 2209891 8 2908329 11
251100 2310338 9 2327369 9 5131404 20
252100 2305120 9 2303799 9 5061624 20
253100 2331212 9 2315684 9 5068869 20
254100 2334024 9 2348139 9 5051341 19
255100 2312722 9 2300757 9 4831350 18
256100 2261841 8 2388754 9 2813931 10
257100 2350778 9 2347721 9 2759517 10
258100 2321839 8 2346866 9 5450731 21
259100 2390364 9 2428480 9 2743624 10
260100 2282502 8 2243782 8 2789207 10
261100 2373129 9 2385940 9 5318936 20
262100 2177474 8 2389575 9 5279240 20
263100 2397296 9 2401669 9 2807008 10
264100 2407433 9 2410465 9 2987362 11
265100 2403132 9 2419565 9 5386480 20
266100 2477832 9 2447764 9 2838373 10
267100 2393386 8 2467358 9 5593603 20
268100 2462684 9 2439856 9 5464151 20
269100 2486258 9 2502295 9 3088573 11
270100 2453674 9 2464682 9 5255267 19
271100 2335951 8 2265422 8 2955885 10
272100 2480581 9 2483069 9 5478093 20
273100 2529237 9 2647020 9 3010305 11
274100 2348463 8 2521748 9 5496797 20
275100 2508747 9 2512704 9 5491268 19
276100 2505107 9 2521909 9 2976961 10
277100 2457600 8 2424328 8 2912521 10
278100 2562548 9 2549404 9 3216755 11
279100 2703908 9 2539513 9 3297715 11
280100 2585383 9 2577431 9 5638506 20
281100 2590159 9 2573661 9 2939463 10
282100 2403796 8 2387634 8 3597825 12
283100 2600383 9 2563038 9 5979578 21
284100 2882363 10 2601475 9 5498089 19
285100 2507207 8 2516264 8 5829360 20
286100 2649833 9 2583611 9 5775997 20
287100 2665400 9 2649549 9 5419618 18
288100 2440802 8 2491744 8 3206207 11
289100 2639017 9 2637972 9 3210290 11
290100 2848698 9 2573908 8 3274220 11
291100 2658309 9 2650216 9 5862770 20
292100 2575950 8 2638711 9 5859141 20
293100 2698045 9 2663590 9 3160281 10
294100 2701509 9 2569776 8 3328694 11
295100 2677497 9 2707194 9 6210176 21
296100 2741783 9 2736904 9 5942241 20
297100 2721497 9 2712605 9 3319808 11
298100 2721289 9 2715074 9 3159933 10
299100 2873509 9 2726344 9 6017532 20
300100 2728587 9 2730755 9 3146696 10
301100 2746655 9 2761360 9 6057483 20
302100 2744335 9 2765231 9 3392434 11
303100 2771089 9 2763489 9 6141225 20
304100 2804464 9 2802161 9 6214278 20
305100 2870740 9 2824678 9 3415191 11
306100 2700993 8 2774382 9 3446338 11
307100 2834262 9 2778202 9 5808160 18
308100 2662337 8 2808385 9 4787373 15
309100 2854971 9 2953045 9 6253590 20
310100 3399504 10 3093146 9 3548552 11
311100 2960418 9 2914441 9 3425868 11
312100 2852321 9 2818249 9 6289170 20
313100 2950390 9 2890677 9 6493848 20
314100 3114324 9 3424675 10 3434141 10
315100 2910388 9 2960701 9 3265614 10
316100 2925733 9 2864608 9 3559206 11
317100 2865829 9 2887844 9 3519604 11
318100 2858304 8 2891159 9 6476301 20
319100 2835512 8 2768235 8 3697561 11
320100 2958925 9 3868647 12 7297754 22
321100 3163460 9 3060899 9 6750284 21
322100 2988285 9 2969701 9 6386991 19
323100 2793146 8 2783087 8 3483419 10
324100 2983524 9 2957198 9 3762010 11
325100 2868356 8 3006560 9 3573938 10
326100 2962273 9 2959173 9 6783001 20
327100 3067245 9 3083345 9 6617571 20
328100 3049071 9 3408738 10 7562845 23
329100 3303853 10 3596482 10 4036895 12
330100 3411029 10 4768716 14 9069879 27
331100 3344315 10 3266303 9 3675768 11
332100 2910843 8 2931972 8 3616573 10
333100 3042116 9 3183055 9 3863017 11
334100 3098891 9 3411540 10 6516149 19
335100 3042842 9 3070073 9 6810674 20
336100 3092560 9 3007197 8 6892358 20
337100 3856686 11 3104817 9 3806697 11
338100 3611904 10 3151682 9 4694155 13
339100 3135390 9 3681245 10 3787106 11
340100 3109124 9 2916814 8 8248277 24
341100 3236567 9 3130532 9 3872989 11
342100 3223918 9 3273163 9 6877076 20
343100 3127387 9 3096700 9 5451451 15
344100 3528613 10 3208317 9 3483292 10
345100 2960968 8 3117923 9 6473805 18
346100 2891668 8 2999022 8 3845391 11
347100 3232278 9 3191843 9 3886812 11
348100 3296335 9 3209316 9 3767612 10
349100 3175042 9 3205646 9 7066049 20
350100 3066003 8 3253704 9 7204957 20
351100 3266183 9 3246327 9 4044285 11
352100 3351857 9 3267609 9 7151565 20
353100 3264323 9 3554057 10 4140930 11
354100 3300881 9 3263305 9 7465985 21
355100 3438537 9 3360368 9 4218851 11
356100 3298904 9 3449961 9 7275758 20
357100 3286562 9 3252694 9 4001307 11
358100 3320522 9 3302935 9 7325199 20
359100 3368977 9 3454030 9 4033661 11
360100 3361030 9 3396487 9 7355839 20
361100 3350873 9 3404586 9 3875406 10
362100 3296146 9 3278559 9 5162786 14
363100 4013158 11 4253255 11 4459156 12
364100 4477611 12 6203506 17 7391725 20
365100 3445427 9 3369261 9 9863174 27
366100 3696478 10 4766406 13 4618538 12
367100 3351607 9 3343654 9 4956367 13
368100 3389898 9 3374595 9 7757970 21
369100 3536409 9 3383397 9 4093749 11
370100 3421247 9 3539917 9 4411249 11
371100 3534552 9 3465610 9 4309559 11
372100 3405490 9 3692584 9 4496495 12
373100 3444449 9 3495729 9 4156366 11
374100 3621252 9 3381205 9 4003228 10
375100 3410012 9 3446981 9 4259880 11
376100 3553041 9 3544240 9 7286803 19
377100 3313587 8 3288758 8 4396589 11
378100 3847280 10 3682041 9 8797629 23
379100 3681618 9 3644651 9 7972231 21
380100 3567845 9 3757068 9 7776500 20
381100 3524537 9 3430957 9 7136611 18
382100 3225781 8 3387337 8 4294845 11
383100 3493827 9 3488199 9 4353284 11
384100 3981026 10 3661148 9 4190407 10
385100 3551958 9 3534411 9 7778482 20
386100 3547278 9 3502167 9 7962648 20
387100 3559640 9 3550237 9 4633689 11
388100 3575096 9 3604967 9 4054343 10
389100 3396930 8 3358375 8 7561381 19
390100 3607645 9 3552487 9 4231315 10
391100 3625814 9 3687792 9 4327371 11
392100 3606716 9 3609435 9 7879396 20
393100 3420558 8 3386456 8 7806558 19
394100 3577099 9 3584477 9 4070159 10
395100 3384606 8 3385414 8 4484982 11
396100 3595546 9 3619210 9 4236975 10
397100 3382223 8 3434128 8 4269995 10
398100 3602305 9 3888911 9 7638304 19
399100 3487757 8 3694916 9 4536946 11
400100 3706981 9 3683269 9 4596081 11
401100 4221401 10 3748080 9 4415369 11
402100 3724951 9 3848341 9 8066084 20
403100 3672677 9 3704666 9 4878484 12
404100 3854558 9 3788749 9 4590097 11
405100 3846881 9 3866750 9 8038468 19
406100 3428648 8 3458184 8 4246313 10
407100 3680369 9 3722831 9 4299874 10
408100 3755081 9 3751940 9 8426241 20
409100 3738069 9 3796673 9 8667773 21
410100 3761492 9 3799381 9 4577140 11
411100 3737615 9 3746263 9 6066682 14
412100 3575838 8 3479091 8 8431981 20
413100 3780165 9 3814735 9 8344833 20
414100 3709583 8 3562012 8 5080225 12
415100 3886119 9 3796938 9 8379023 20
416100 3814271 9 3824881 9 4191529 10
417100 3856330 9 3834672 9 4525532 10
418100 3903882 9 3871325 9 8611160 20
419100 3752008 8 3535386 8 4623955 11
420100 3865742 9 3823101 9 4867160 11
421100 4308984 10 3918112 9 5302525 12
422100 3964058 9 4117509 9 4716786 11
423100 3918779 9 3937098 9 4638977 10
424100 3864708 9 3941850 9 8958538 21
425100 3989960 9 4003260 9 4666486 10
426100 3663287 8 3674580 8 17926383 42
427100 7789471 18 7774504 18 17927746 41
428100 7902665 18 7838656 18 9351611 21
429100 8122857 18 8359348 19 10437084 24
430100 8511304 19 8059631 18 10097714 23
431100 8023796 18 7888923 18 9591705 22
432100 8044177 18 7973001 18 18188098 42
433100 7933967 18 8289947 19 10596025 24
434100 9389704 21 11222647 25 9542559 21
435100 13460256 30 10331706 23 24974916 57
436100 9096893 20 8372933 19 18981040 43
437100 8115649 18 8049060 18 9658800 22
438100 8042213 18 8013859 18 9331244 21
439100 7988935 18 8436986 19 18386904 41
440100 8075995 18 8079392 18 18321779 41
441100 8083763 18 8067722 18 18946746 42
442100 8128185 18 8066262 18 9385021 21
443100 8108044 18 8243692 18 18557890 41
444100 8192341 18 8161904 18 17822568 40
445100 8528303 19 8347637 18 9577645 21
446100 8342754 18 8116236 18 20869697 46
447100 8312293 18 8389042 18 18213544 40
448100 8184107 18 8209890 18 10529749 23
449100 8579718 19 8659401 19 19100239 42
450100 8307550 18 8360320 18 30232461 67
451100 10437343 23 10546020 23 20336337 45
